大樂透AI・大樂透
VIP 歷史紀錄

最近5期歷史
最新在上

最新一期
開獎號碼：03 09 11 25 34 41
第1組：04 07 26 29 35 42
第2組：07 12 15 16 20 42
第3組：01 06 14 18 24 (25)

前1期
開獎號碼：04 06 20 32 36 39
第1組：07 15 16 26 29 42
第2組：07 12 (20) 25 35 42
第3組：01 (04) 14 18 19 24

前2期
開獎號碼：04 14 20 26 40 47
第1組：07 16 19 (26) 29 42
第2組：07 12 18 25 35 42
第3組：01 (04) 06 (14) 15 24

前3期
開獎號碼：01 02 04 13 30 38
第1組：07 16 25 26 29 (38)
第2組：07 12 18 19 35 (38)
第3組：(01) 06 14 15 23 24

前4期
開獎號碼：05 13 24 25 28 33
第1組：07 16 (25) 26 29 38
第2組：07 12 18 19 35 38
第3組：01 06 10 14 15 23

備註
（括號代表命中號碼）

僅供參考，不保證中獎。
投注風險自負。
